74552084
74552085
74552112
74552114
74552139
74552185
74552188
74552213
74552243
74552306
74552336
74552338
74552364
74552394
74552403
74552420
74552450
74552468
74552477
74552502
74552530
74552554
74552555
74552608
74552636
74552638
74552665
74552671
74552688
74552749
74552772
74552773
74552834
74552870
74552884
74552910
74552943
74552994
74553010
74553023
74553102
74553108
74553113
74553163
74553168
74553192
74553217
74553271
74553275
74553304
74553305
74553328
74553384
74553385
74553411
74553494
74553499
74553538
74553547
74553580
74553639
74553644
74553660
74553661
74553686
74553707
74553716
74553723
74553783
74553813
74553818
74553836
74553923
74553959
74553986
74554067
74554091
74554102
74554120
74554170
74554204
74554217
74554231
74554253
74554274
74554280
74554287
74554321
74554334
74554337
74554344
74554349
74554359
74554382
74554429
74554435
74554459
74554494
74554500
74554503
74554522
74554556
74554602
74554624
74554659
74554669
74554681
74554695
74554708
74554726
74554727
74554741
74554744
74554765
74554771
74554796
74554822
74554837
74554857
74554881
74554907
74554931
74554955
74554985
74555064
74555093
74555123
74555148
74555151
74555176
74555190
74555201
74555260
74555285
74555286
74555348
74555359
74555373
74555402
74555457
74555511
74555558
74555617
74555641
74555649
74555680
74555717
74555742
74555765
74555842
74555855
74555866
74555874
74555899
74555927
74555937
74555953
74555956
74555992
74555998
74556016
74556017
74556059
74556065
74556091
74556115
74556141
74556196
74556230
74556258
74556282
74556362
74556420
74556427
74556453
74556499
74556529
74556618
74556643
74556666
74556816
74556841
74556842
74556862
74556868
74556897
74556911
74556933
74556947
74556959
74556995
74557054
74557085
74557110
74557122
74557143
74557199
74557200
74557258
74557300
74557323
74557355
74557382
74557549
74557573
74557576
74557579
74557609
74557617
74557634
74557661
74557669
74557693
74557750
74557804
74557809
74557819
74557893
74557978
74557981
74558009
74558039
74558065
74558080
74558092
74558094
74558113
74558120
74558122
74558123
74558130
74558167
74558173
74558200
74558219
74558224
74558230
74558257
74558276
74558303
74558330
74558335
74558354
74558394
74558404
74558410
74558435
74558515
74558530
74558544
74558549
74558556
74558558
74558593
74558656
74558674
74558675
74558680
74558700
74558707
74558708
74558721
74558756
74558758
74558765
74558769
74558801
74558829
74558883
74558888
74558891
74558892
74558915
74558946
74558979
74558997
74559013
74559024
74559033
74559055
74559057
74559071
74559076
74559082
74559092
74559113
74559148
74559168
74559172
74559181
74559205
74559212
74559225
74559258
74559259
74559260
74559291
74559295
74559300
74559304
74559315
74559326
74559339
74559342
74559343
74559345
74559357
74559361
74559380
74559382
74559409
74559421
74559436
74559440
74559444
74559445
74559450
74559451
74559459
74559467
74559469
74559497
74559526
74559528
74559552
74559587
74559588
74559589
74559591
74559593
74559596
74559621
74559627
74559628
74559647
74559672
74559681
74559688
74559706
74559712
74559713
74559742
74559763
74559768
74559777
74559791
74559793
74559800
74559824
74559830
74559837
74559853
74559854
74559882
74559883
74559889
74559908
74559930
74559938
74559940
74559942
74559964
74559965
74559969
74559986
74559999
74560004
74560020
74560022
74560028
74560040
74560044
74560046
74560049
74560056
74560066
74560067
74560072
74560091
74560094
74560118
74560120
74560131
74560153
74560176
74560180
74560214
74560235
74560258
74560274
74560278
74560287
74560325
74560337
74560340
74560347
74560363
74560369
74560394
74560397
74560406
74560422
74560430
74560432
74560448
74560453
74560454
74560476
74560507
74560539
74560551
74560560
74560584
74560590
74560597
74560619
74560641
74560642
74560648
74560662
74560695
74560709
74560718
74560723
74560727
74560732
74560737
74560761
74560784
74560800
74560815
74560836
74560867
74560870
74560871
74560892
74560904
74560956
74560973
74560985
74561010
74561030
74561051
74561069
74561071
74561080
74561107
74561110
74561118
74561128
74561176
74561190
74561199
74561206
74561210
74561246
74561278
74561293
74561300
74561329
74561354
74561357
74561358
74561384
74561404
74561413
74561418
74561425
74561431
74561488
74561522
74561523
74561575
74561594
74561629
74561662
74561670
74561753
74561777
74561778
74561788
74561810
74561813
74561817
74561836
74561843
74561879
74561897
74561906
74561916
74561921
74561937
74561953
74561956
74562006
74562012
74562023
74562032
74562033
74562052
74562057
74562059
74562082
74562108
74562124
74562138
74562145
74562146
74562151
74562171
74562174
74562200
74562252
74562287
74562311
74562314
74562317
74562318
74562319
74562366
74562390
74562392
74562411
74562414
74562417
74562422
74562424
74562435
74562436
74562437
74562442
74562448
74562449
74562459
74562463
74562482
74562500
74562512
74562519
74562537
74562545
74562565
74562568
74562576
74562595
74562597
74562602
74562611
74562631
74562644
74562664
74562670
74562678
74562693
74562695
74562699
74562706
74562713
74562726
74562741
74562764
74562767
74562770
74562783
74562794
74562795
74562801
74562810
74562831
74562858
74562861
74562868
74562872
74562885
74562896
74562897
74562908
74562923
74562924
74562937
74562962
74562963
74562967
74563017
74563018
74563030
74563056
74563061
74563072
74563078
74563081
74563105
74563107
74563112
74563134
74563138
74563143
74563144
74563184
74563185
74563192
74563216
74563219
74563245
74563251
74563274
74563275
74563280
74563282
74563332
74563368
74563371
74563386
74563393
74563408
74563409
74563410
74563423
74563464
74563467
74563496
74563533
74563540
74563545
74563567
74563581
74563588
74563616
74563641
74563644
74563651
74563671
74563674
74563676
74563687
74563716
74563722
74563745
74563781
74563788
74563802
74563803
74563809
74563834
74563845
74563870
74563874
74563916
74563921
74563957
74563970
74563982
74564020
74564064
74564069
74564080
74564090
74564109
74564116
74564123
74564136
74564137
74564141
74564193
74564200
74564219
74564226
74564230
74564239
74564312
74564324
74564333
74564343
74564359
74564361
74564377
74564387
74564418
74564425
74564426
74564427
74564443
74564475
74564477
74564481
74564484
74564491
74564506
74564527
74564537
74564552
74564557
74564568
74564580
74564589
74564593
74564595
74564644
74564666
74564674
74564684
74564705
74564715
74564717
74564718
74564734
74564738
74564745
74564772
74564789
74564820
74564839
74564850
74564852
74564875
74564906
74564912
74564935
74564939
74564963
74564968
74564983
74564985
74564996
74565013
74565025
74565034
74565038
74565044
74565068
74565081
74565091
74565094
74565096
74565110
74565140
74565151
74565153
74565172
74565189
74565198
74565218
74565219
74565226
74565244
74565251
74565282
74565311
74565313
74565332
74565333
74565351
74565352
74565363
74565366
74565370
74565375
74565377
74565394
74565396
74565405
74565420
74565429
74565441
74565455
74565462
74565469
74565473
74565476
74565486
74565504
74565511
74565526
74565532
74565538
74565542
74565557
74565559
74565581
74565587
74565606
74565609
74565610
74565612
74565616
74565620
74565645
74565646
74565648
74565649
74565666
74565669
74565673
74565676
74565680
74565686
74565699
74565720
74565722
74565740
74565741
74565762
74565765
74565767
74565769
74565780
74565793
74565807
74565812
74565823
74565824
74565835
74565847
74565866
74565872
74565877
74565878
74565886
74565893
74565900
74565909
74565914
74565918
74565926
74566033
74566037
74566063
74566074
74566100
74566148
74566152
74566158
74566165
74566189
74566206
74566209
74566270
74566297
74566304
74566311
74566323
74566326
74566332
74566333
74566350
74566381
74566382
74566384
74566389
74566390
74566393
74566399
74566400
74566408
74566409
74566413
74566414
74566416
74566436
74566438
74566442
74566443
74566453
74566464
74566468
74566470
74566475
74566487
74566488
74566490
74566499
74566503
74566518
74566525
74566541
74566574
74566594
74566599
74566608
74566613
74566635
74566681
74566685
74566687
74566710
74566713
74566715
74566728
74566746
74566747
74566749
74566762
74566769
74566771
74566781
74566802
74566805
74566832
74566839
74566861
74566863
74566886
74566896
74566916
74566928
74566940
74566942
74566943
74566946
74566954
74566963
74566967
74566980
74566982
74566990
74567000
74567002
74567011
74567013
74567025
74567027
74567030
74567036
74567041
74567042
74567052
74567053
74567055
74567062
74567076
74567105
74567107
74567138
74567139
74567154
74567158
74567159
74567194
74567197
74567218
74567230
74567237
74567240
74567242
74567261
74567265
74567270
74567289
74567291
74567295
74567298
74567301
74567322
74567332
74567336
74567339
74567347
74567352
74567360
74567362
74567371
74567387
74567403
74567404
74567431
74567432
74567434
74567450
74567462
74567491
74567492
74567516
74567518
74567533
74567543
74567547
74567563
74567570
74567574
74567575
74567600
74567609
74567611
74567623
74567637
74567655
74567656
74567660
74567670
74567700
74567707
74567714
74567734
74567751
74567754
74567759
74567767
74567773
74567782
74567795
74567800
74567801
74567803
74567812
74567813
74567815
74567832
74567833
74567835
74567861
74567862
74567863
74567868
74567886
74567890
74567892
74567894
74567896
74567903
74567919
74567921
74567923
74567928
74567946
74567956
74567970
74567972
74567976
74567978
74567980
74567999
74568036
74568041
74568066
74568089
74568090
74568122
74568129
74568134
74568142
74568150
74568158
74568167
74568172
74568175
74568213
74568232
74568237
74568241
74568255
74568256
74568273
74568288
74568290
74568296
74568312
74568317
74568322
74568326
74568328
74568354
74568359
74568363
74568368
74568370
74568371
74568378
74568399
74568401
74568402
74568422
74568441
74568445
74568455
74568465
74568473
74568485
74568492
74568494
74568509
74568526
74568536
74568542
74568552
74568555
74568558
74568575
74568581
74568594
74568599
74568601
74568616
74568637
74568642
74568644
74568654
74568662
74568734
74568764
74568794
74568801
74568818
74568839
74568870
74568872
74568886
74568892
74568895
74568904
74568906
74568917
74568923
74568924
74568928
74568933
74568954
74568978
74568979
74568988
74569004
74569017
74569045
74569047
74569062
74569068
74569093
74569102
74569105
74569132
74569178
74569184
74569209
74569216
74569223
74569236
74569238
74569257
74569268
74569269
74569275
74569278
74569283
74569308
74569327
74569354
74569371
74569387
74569394
74569434
74569437
74569441
74569475
74569485
74569488
74569496
74569505
74569506
74569520
74569533
74569539
74569542
74569593
74569604
74569607
74569614
74569640
74569642
74569654
74569663
74569669
74569723
74569732
74569750
74569759
74569763
74569767
74569774
74569776
74569781
74569785
74569791
74569792
74569805
74569818
74569850
74569851
74569908
74569914
74569923
74569924
74569951
74569968
74569973
74569976
74569986
74570008
74570027
74570054
74570089
74570092
74570104
74570108
74570114
74570122
74570142
74570168
74570209
74570212
74570233
74570236
74570247
74570269
74570271
74570303
74570307
74570331
74570337
74570342
74570361
74570364
74570370
74570385
74570392
74570400
74570414
74570423
74570442
74570464
74570472
74570476
74570495
74570510
74570514
74570516
74570562
74570573
74570577
74570592
74570594
74570598
74570600
74570617
74570627
74570658
74570659
74570681
74570693
74570709
74570717
74570733
74570745
74570754
74570755
74570757
74570765
74570797
74570800
74570801
74570813
74570835
74570877
74570893
74570928
74570935
74570936
74570940
74570942
74570953
74570963
74570975
74570983
74570986
74570988
74570991
74571011
74571015
74571022
74571027
74571029
74571038
74571050
74571051
74571090
74571116
74571125
74571132
74571141
74571143
74571157
74571160
74571163
74571167
74571172
74571173
74571176
74571177
74571182
74571186
74571194
74571198
74571207
74571208
74571215
74571219
74571223
74571229
74571254
74571256
74571260
74571264
74571278
74571305
74571312
74571314
74571318
74571320
74571335
74571338
74571342
74571360
74571371
74571385
74571395
74571418
74571446
74571451
74571452
74571457
74571465
74571478
74571483
74571496
74571502
74571503
74571505
74571519
74571524
74571529
74571580
74571581
74571593
74571594
74571598
74571602
74571608
74571619
74571626
74571628
74571631
74571635
74571640
74571648
74571653
74571654
74571657
74571675
74571679
74571695
74571700
74571702
74571720
74571721
74571727
74571731
74571748
74571768
74571772
74571779
74571780
74571806
74571807
74571827
74571834
74571844
74571846
74571847
74571849
74571854
74571863
74571873
74571884
74571886
74571902
74571924
74571929
74571933
74571934
74571936
74571947
74571960
74571965
74571970
74571973
74571974
74571980
74571990
74572036
74572061
74572074
74572081
74572083
74572086
74572088
74572103
74572115
74572117
74572128
74572137
74572139
74572146
74572149
74572156
74572172
74572174
74572208
74572227
74572246
74572257
74572258
74572268
74572278
74572286
74572294
74572302
74572303
74572306
74572308
74572316
74572323
74572346
74572368
74572400
74572411
74572420
74572427
74572450
74572458
74572465
74572468
74572469
74572479
74572484
74572485
74572492
74572509
74572511
74572515
74572522
74572541
74572542
74572556
74572568
74572570
74572602
74572615
74572621
74572627
74572628
74572629
74572636
74572647
74572666
74572676
74572689
74572695
74572698
74572701
74572722
74572728
74572740
74572747
74572754
74572756
74572760
74572771
74572779
74572780
74572783
74572787
74572788
74572806
74572807
74572811
74572813
74572823
74572831
74572842
74572847
74572862
74572881
74572893
74572894
74572899
74572910
74572917
74572923
74572926
74572955
74572964
74572976
74572977
74572978
74573011
74573014
74573015
74573022
74573033
74573042
74573048
74573059
74573063
74573079
74573089
74573094
74573102
74573105
74573117
74573121
74573124
74573128
74573177
74573185
74573194
74573206
74573221
74573232
74573233
74573245
74573259
74573266
74573286
74573287
74573290
74573309
74573313
74573336
74573339
74573342
74573344
74573352
74573362
74573364
74573365
74573371
74573380
74573406
74573407
74573424
74573434
74573436
74573452
74573461
74573467
74573477
74573483
74573486
74573490
74573496
74573502
74573511
74573517
74573519
74573527
74573528
74573541
74573547
74573549
74573554
74573556
74573571
74573572
74573585
74573602
74573607
74573628
74573635
74573650
74573653
74573655
74573662
74573683
74573699
74573710
74573714
74573734
74573752
74573757
74573761
74573770
74573771
74573776
74573782
74573798
74573801
74573809
74573813
74573825
74573837
74573838
74573843
74573863
74573881
74573894
74573904
74573908
74573924
74573934
74573937
74573952
74573963
74573965
74573969
74573993
74573997
74574003
74574007
74574021
74574027
74574034
74574045
74574053
74574054
74574059
74574062
74574066
74574078
74574083
74574086
74574089
74574116
74574118
74574136
74574147
74574170
74574172
74574176
74574193
74574197
74574209
74574223
74574231
74574237
74574259
74574265
74574270
74574276
74574279
74574283
74574287
74574296
74574308
74574317
74574318
74574323
74574343
74574346
74574347
74574350
74574353
74574367
74574369
74574370
74574398
74574407
74574416
74574431
74574441
74574466
74574472
74574478
74574480
74574508
74574510
74574516
74574522
74574536
74574549
74574593
74574594
74574598
74574601
74574624
74574628
74574648
74574653
74574663
74574672
74574678
74574707
74574710
74574733
74574737
74574742
74574743
74574755
74574769
74574781
74574788
74574794
74574824
74574847
74574856
74574885
74574890
74574910
74574912
74574914
74574947
74574948
74574965
74574966
74574970
74574997
74575002
74575010
74575011
74575017
74575019
74575024
74575034
74575036
74575037
74575039
74575043
74575051
74575090
74575112
74575123
74575146
74575147
74575182
74575197
74575209
74575215
74575216
74575217
74575235
74575238
74575244
74575245
74575248
74575266
74575267
74575270
74575301
74575319
74575327
74575332
74575341
74575365
74575395
74575397
74575398
74575403
74575410
74575421
74575440
74575447
74575450
74575457
74575471
74575481
74575495
74575522
74575527
74575532
74575534
74575536
74575590
74575598
74575600
74575624
74575626
74575630
74575641
74575648
74575654
74575661
74575682
74575689
74575695
74575711
74575731
74575735
74575780
74575781
74575817
74575823
74575829
74575833
74575840
74575852
74575856
74575860
74575862
74575882
74575884
74575894
74575908
74575910
74575916
74575930
74575932
74575938
74575948
74575949
74575957
74575961
74575962
74575963
74575974
74575984
74575989
74575990
74576007
74576032
74576046
74576055
74576057
74576071
74576077
74576104
74576121
74576122
74576132
74576139
74576147
74576172
74576189
74576192
74576202
74576204
74576205
74576230
74576233
74576247
74576265
74576280
74576284
74576292
74576305
74576309
74576311
74576314
74576333
74576334
74576344
74576361
74576363
74576370
74576393
74576401
74576416
74576418
74576448
74576451
74576466
74576478
74576479
74576484
74576490
74576520
74576530
74576542
74576552
74576561
74576565
74576567
74576577
74576596
74576607
74576622
74576656
74576659
74576661
74576662
74576668
74576673
74576680
74576686
74576697
74576716
74576717
74576724
74576727
74576743
74576747
74576754
74576779
74576781
74576782
74576807
74576808
74576824
74576831
74576835
74576843
74576862
74576863
74576864
74576896
74576900
74576918
74576937
74576943
74576944
74576987
74576989
74577013
74577015
74577033
74577043
74577046
74577052
74577067
74577074
74577077
74577080
74577085
74577089
74577095
74577103
74577107
74577110
74577126
74577128
74577131
74577137
74577158
74577175
74577194
74577231
74577251
74577254
74577255
74577266
74577268
74577273
74577281
74577307
74577330
74577335
74577355
74577357
74577359
74577388
74577408
74577409
74577427
74577445
74577457
74577464
74577469
74577471
74577474
74577484
74577491
74577500
74577501
74577502
74577512
74577520
74577531
74577559
74577564
74577580
74577598
74577611
74577622
74577623
74577625
74577651
74577654
74577658
74577664
74577668
74577678
74577702
74577706
74577733
74577737
74577756
74577771
74577773
74577781
74577789
74577796
74577797
74577811
74577816
74577819
74577821
74577827
74577829
74577833
74577846
74577852
74577875
74577893
74577901
74577909
74577913
74577971
74577981
74578002
74578007
74578017
74578044
74578062
74578074
74578082
74578084
74578085
74578099
74578108
74578119
74578129
74578131
74578137
74578141
74578145
74578173
74578178
74578199
74578219
74578220
74578227
74578244
74578245
74578269
74578270
74578299
74578318
74578326
74578340
74578352
74578358
74578365
74578385
74578392
74578403
74578433
74578444
74578445
74578454
74578459
74578473
74578475
74578490
74578509
74578511
74578521
74578534
74578537
74578548
74578557
74578566
74578567
74578574
74578577
74578578
74578595
74578602
74578609
74578615
74578622
74578627
74578638
74578655
74578660
74578664
74578665
74578684
74578685
74578702
74578711
74578713
74578717
74578746
74578747
74578756
74578770
74578773
74578774
74578790
74578798
74578808
74578810
74578811
74578813
74578824
74578835
74578844
74578873
74578874
74578887
74578918
74578921
74578922
74578924
74578956
74578974
74578980
74578982
74578998
74579009
74579037
74579039
74579047
74579106
74579110
74579121
74579127
74579131
74579134
74579141
74579142
74579145
74579156
74579172
74579178
74579184
74579187
74579202
74579209
74579235
74579249
74579253
74579264
74579270
74579283
74579290
74579328
74579348
74579357
74579378
74579381
74579387
74579389
74579426
74579442
74579454
74579455
74579478
74579480
74579498
74579506
74579543
74579563
74579568
74579570
74579578
74579584
74579594
74579600
74579646
74579650
74579671
74579683
74579699
74579701
74579708
74579720
74579725
74579726
74579731
74579750
74579755
74579768
74579787
74579789
74579792
74579794
74579800
74579801
74579806
74579815
74579820
74579834
74579835
74579842
74579843
74579845
74579861
74579879
74579900
74579901
74579905
74579928
74579930
74579933
74579934
74579945
74579965
74579968
74579972
74579979
74579980
74579982
74579990
74580010
74580014
74580028
74580040
74580047
74580051
74580058
74580086
74580108
74580112
74580131
74580159
74580160
74580164
74580165
74580166
74580175
74580183
74580187
74580194
74580237
74580246
74580249
74580250
74580251
74580269
74580282
74580306
74580307
74580321
74580334
74580335
74580369
74580372
74580374
74580382
74580397
74580414
74580423
74580431
74580433
74580442
74580446
74580452
74580455
74580457
74580458
74580470
74580482
74580501
74580544
74580555
74580556
74580566
74580581
74580605
74580608
74580626
74580652
74580654
74580662
74580664
74580665
74580676
74580682
74580698
74580706
74580708
74580712
74580718
74580751
74580752
74580771
74580775
74580797
74580817
74580819
74580839
74580845
74580865
74580901
74580912
74580915
74580955
74580967
74580969
74580978
74581014
74581015
74581020
74581040
74581041
74581050
74581065
74581073
74581104
74581105
74581115
74581155
74581166
74581185
74581193
74581195
74581214
74581264
74581272
74581287
74581303
74581317
74581327
74581328
74581343
74581344
74581349
74581353
74581390
74581392
74581402
74581411
74581418
74581436
74581445
74581452
74581460
74581481
74581508
74581513
74581534
74581536
74581539
74581541
74581547
74581554
74581558
74581582
74581585
74581604
74581620
74581636
74581659
74581660
74581710
74581723
74581733
74581737
74581738
74581741
74581763
74581767
74581775
74581776
74581781
74581794
74581805
74581818
74581836
74581837
74581838
74581844
74581847
74581889
74581897
74581903
74581904
74581915
74581928
74581947
74581953
74581973
74581979
74581989
74581998
74581999
74582015
74582022
74582023
74582070
74582071
74582072
74582085
74582095
74582101
74582111
74582114
74582138
74582145
74582146
74582169
74582192
74582193
74582250
74582252
74582262
74582277
74582297
74582334
74582339
74582346
74582362
74582366
74582374
74582384
74582386
74582396
74582397
74582404
74582415
74582416
74582418
74582428
74582431
74582442
74582453
74582467
74582473
74582480
74582482
74582483
74582494
74582495
74582506
74582525
74582537
74582538
74582539
74582541
74582547
74582559
74582567
74582581
74582583
74582587
74582598
74582602
74582607
74582620
74582638
74582640
74582656
74582657
74582662
74582674
74582675
74582677
74582701
74582716
74582718
74582719
74582742
74582743
74582746
74582752
74582757
74582783
74582788
74582791
74582799
74582809
74582811
74582821
74582825
74582827
74582831
74582834
74582837
74582842
74582845
74582858
74582861
74582868
74582876
74582888
74582890
74582891
74582892
74582893
74582897
74582902
74582903
74582904
74582923
74582925
74582931
74582951
74582952
74582957
74582960
74582974
74582978
74582990
74583010
74583013
74583016
74583031
74583038
74583043
74583044
74583054
74583058
74583059
74583061
74583063
74583064
74583069
74583074
74583076
74583088
74583094
74583095
74583096
74583098
74583100
74583103
74583116
74583123
74583124
74583134
74583146
74583147
74583148
74583176
74583178
74583190
74583197
74583209
74583216
74583217
74583232
74583235
74583239
74583248
74583253
74583254
74583265
74583267
74583270
74583272
74583281
74583282
74583287
74583298
74583322
74583324
74583326
74583327
74583348
74583350
74583355
74583357
74583358
74583362
74583382
74583399
74583403
74583408
74583420
74583427
74583428
74583441
74583444
74583445
74583447
74583448
74583449
74583454
74583458
74583468
74583477
74583487
74583505
74583512
74583520
74583526
74583539
74583544
74583552
74583558
74583562
74583564
74583575
74583578
74583579
74583584
74583589
74583592
74583608
74583611
74583615
74583617
74583625
74583626
74583628
74583637
74583638
74583648
74583649
74583660
74583666
74583675
74583688
74583698
74583709
74583718
74583735
74583736
74583739
74583745
74583766
74583771
74583775
74583788
74583793
74583796
74583802
74583804
74583810
74583827
74583835
74583838
74583844
74583847
74583865
74583866
74583892
74583902
74583918
74583923
74583932
74583933
74583943
74583945
74583955
74583966
74583967
74583979
74583980
74583981
74583989
74584004
74584014
74584038
74584064
74584070
74584085
74584087
74584097
74584098
74584118
74584123
74584124
74584138
74584140
74584154
74584158
74584171
74584172
74584179
74584183
74584189
74584195
74584201
74584206
74584209
74584212
74584219
74584230
74584268
74584269
74584274
74584314
74584320
74584333
74584338
74584351
74584361
74584374
74584392
74584393
74584413
74584423
74584437
74584444
74584451
74584459
74584464
74584466
74584478
74584483
74584496
74584500
74584502
74584524
74584529
74584533
74584570
74584571
74584575
74584602
74584610
74584611
74584627
74584660
74584674
74584681
74584687
74584689
74584733
74584736
74584746
74584749
74584759
74584771
74584774
74584775
74584780
74584793
74584807
74584809
74584813
74584821
74584831
74584836
74584868
74584889
74584896
74584903
74584911
74584915
74584931
74584946
74584954
74584966
74584979
74584984
74584995
74585008
74585013
74585014
74585028
74585029
74585031
74585037
74585049
74585064
74585068
74585079
74585115
74585125
74585127
74585141
74585154
74585166
74585169
74585180
74585221
74585234
74585236
74585251
74585257
74585258
74585259
74585288
74585297
74585311
74585313
74585336
74585343
74585355
74585361
74585366
74585369
74585370
74585400
74585413
74585418
74585420
74585443
74585449
74585477
74585482
74585490
74585496
74585505
74585512
74585516
74585528
74585530
74585533
74585573
74585578
74585581
74585591
74585593
74585596
74585598
74585605
74585607
74585621
74585625
74585658
74585695
74585705
74585715
74585716
74585720
74585745
74585750
74585776
74585779
74585788
74585794
74585805
74585816
74585817
74585827
74585834
74585844
74585848
74585850
74585856
74585859
74585863
74585864
74585867
74585890
74585901
74585924
74585930
74585958
74585983
74585984
74585987
74586000
74586030
74586035
74586037
74586040
74586044
74586062
74586075
74586079
74586080
74586094
74586100
74586104
74586105
74586120
74586131
74586149
74586177
74586179
74586186
74586210
74586254
74586265
74586279
74586290
74586316
74586322
74586324
74586329
74586357
74586381
74586385
74586404
74586415
74586440
74586443
74586449
74586464
74586470
74586484
74586492
74586495
74586515
74586522
74586553
74586557
74586562
74586572
74586573
74586577
74586586
74586589
74586592
74586606
74586618
74586620
74586629
74586665
74586666
74586674
74586694
74586696
74586703
74586734
74586753
74586756
74586776
74586798
74586851
74586852
74586858
74586863
74586870
74586871
74586875
74586893
74586911
74586932
74586937
74586939
74586951
74586958
74586966
74586970
74586993
74587008
74587009
74587011
74587040
74587064
74587068
74587069
74587097
74587128
74587132
74587157
74587186
74587194
74587209
74587218
74587221
74587230
74587236
74587239
74587242
74587252
74587260
74587266
74587274
74587277
74587279
74587294
74587320
74587329
74587331
74587340
74587341
74587343
74587354
74587355
74587357
74587363
74587370
74587384
74587393
74587413
74587428
74587429
74587445
74587452
74587456
74587458
74587464
74587474
74587477
74587494
74587519
74587520
74587526
74587528
74587561
74587579
74587599
74587605
74587611
74587613
74587624
74587636
74587640
74587648
74587659
74587662
74587696
74587706
74587712
74587713
74587718
74587729
74587732
74587733
74587749
74587751
74587763
74587764
74587765
74587771
74587778
74587795
74587797
74587798
74587800
74587801
74587816
74587825
74587838
74587850
74587865
74587871
74587879
74587880
74587889
74587895
74587899
74587903
74587904
74587928
74587973
74587974
74587980
74587998
74587999
74588017
74588018
74588045
74588048
74588054
74588063
74588064
74588073
74588074
74588080
74588088
74588092
74588119
74588122
74588130
74588134
74588135
74588145
74588151
74588155
74588163
74588166
74588171
74588190
74588191
74588193
74588212
74588214
74588218
74588219
74588220
74588223
74588225
74588228
74588229
74588258
74588260
74588267
74588275
74588294
74588296
74588305
74588318
74588334
74588338
74588345
74588349
74588362
74588364
74588365
74588367
74588368
74588375
74588382
74588392
74588398
74588400
74588405
74588423
74588427
74588430
74588433
74588435
74588451
74588470
74588478
74588481
74588482
74588497
74588499
74588505
74588506
74588526
74588537
74588551
74588556
74588576
74588578
74588612
74588625
74588629
74588641
74588647
74588648
74588651
74588668
74588682
74588688
74588725
74588728
74588732
74588749
74588752
74588756
74588757
74588794
74588800
74588811
74588816
74588831
74588841
74588846
74588851
74588864
74588865
74588869
74588877
74588881
74588891
74588904
74588918
74588923
74588927
74588930
74588932
74588937
74588953
74588957
74588979
74588980
74588999
74589002
74589003
74589008
74589009
74589010
74589023
74589046
74589053
74589054
74589064
74589075
74589084
74589094
74589104
74589107
74589119
74589125
74589139
74589149
74589155
74589161
74589170
74589172
74589174
74589179
74589187
74589191
74589192
74589194
74589204
74589207
74589210
74589219
74589228
74589231
74589247
74589270
74589283
74589284
74589292
74589296
74589298
74589300
74589306
74589325
74589326
74589328
74589329
74589332
74589346
74589360
74589362
74589373
74589380
74589383
74589389
74589399
74589401
74589404
74589405
74589416
74589426
74589435
74589436
74589437
74589438
74589439
74589461
74589468
74589483
74589486
74589494
74589510
74589511
74589520
74589522
74589532
74589541
74589543
74589555
74589565
74589570
74589571
74589582
74589586
74589587
74589589
74589596
74589601
74589603
74589614
74589631
74589634
74589641
74589655
74589662
74589663
74589670
74589673
74589691
74589702
74589709
74589716
74589728
74589729
74589732
74589751
74589752
74589760
74589763
74589766
74589774
74589779
74589786
74589793
74589797
74589805
74589807
74589823
74589834
74589836
74589850
74589853
74589860
74589868
74589869
74589871
74589875
74589893
74589896
74589904
74589923
74589926
74589937
74589940
74589947
74589952
74589962
74589983
74590005
74590006
74590028
74590045
74590049
74590051
74590054
74590063
74590067
74590070
74590082
74590090
74590101
74590104
74590122
74590124
74590125
74590138
74590142
74590151
74590155
74590175
74590187
74590192
74590210
74590217
74590230
74590232
74590236
74590242
74590248
74590253
74590258
74590261
74590268
74590283
74590293
74590305
74590310
74590317
74590320
74590330
74590339
74590351
74590366
74590371
74590386
74590394
74590405
74590417
74590420
74590423
74590424
74590428
74590430
74590437
74590440
74590445
74590448
74590450
74590460
74590461
74590465
74590472
74590474
74590481
74590503
74590504
74590520
74590525
74590537
74590547
74590558
74590559
74590568
74590569
74590592
74590594
74590598
74590602
74590604
74590618
74590629
74590631
74590635
74590654
74590655
74590664
74590671
74590676
74590680
74590687
74590697
74590707
74590708
74590713
74590715
74590726
74590737
74590748
74590753
74590776
74590787
74590802
74590808
74590809
74590815
74590819
74590820
74590831
74590833
74590840
74590846
74590848
74590853
74590862
74590866
74590869
74590871
74590877
74590881
74590886
74590894
74590896
74590904
74590917
74590921
74590926
74590935
74590947
74590966
74590976
74590981
74590989
74590993
74591001
74591004
74591010
74591019
74591022
74591024
74591025
74591029
74591035
74591038
74591043
74591052
74591060
74591063
74591080
74591088
74591090
74591092
74591093
74591095
74591105
74591109
74591119
74591120
74591124
74591128
74591133
74591136
74591138
74591139
74591141
74591144
74591150
74591163
74591164
74591165
74591174
74591176
74591186
74591193
74591194
74591206
74591210
74591214
74591218
74591222
74591225
74591233
74591238
74591243
74591245
74591252
74591260
74591263
74591280
74591289
74591290
74591296
74591306
74591311
74591312
74591330
74591331
74591337
74591343
74591346
74591353
74591358
74591359
74591361
74591370
74591377
74591381
74591385
74591386
74591389
74591402
74591414
74591429
74591431
74591453
74591459
74591461
74591469
74591473
74591484
74591485
74591486
74591489
74591498
74591505
74591519
74591523
74591534
74591549
74591550
74591552
74591557
74591566
74591570
74591574
74591587
74591588
74591594
74591599
74591618
74591624
74591631
74591634
74591644
74591647
74591666
74591671
74591673
74591679
74591680
74591697
74591714
74591718
74591721
74591731
74591735
74591747
74591751
74591754
74591762
74591766
74591768
74591770
74591772
74591774
74591777
74591778
74591792
74591800
74591801
74591804
74591822
74591823
74591833
74591838
74591839
74591845
74591850
74591851
74591852
74591856
74591859
74591865
74591867
74591869
74591877
74591882
74591883
74591894
74591902
74591906
74591911
74591922
74591931
74591932
74591938
74591941
74591950
74591951
74591953
74591957
74591958
74591960
74591985
74592006
74592011
74592012
74592018
74592031
74592034
74592044
74592062
74592064
74592065
74592074
74592079
74592080
74592084
74592092
74592096
74592113
74592119
74592127
74592129
74592142
74592143
74592148
74592156
74592157
74592168
74592176
74592177
74592191
74592192
74592193
74592201
74592209
74592212
74592214
74592219
74592224
74592226
74592228
74592238
74592239
74592240
74592245
74592253
74592261
74592267
74592268
74592275
74592279
74592282
74592292
74592295
74592296
74592300
74592302
74592312
74592327
74592330
74592337
74592346
74592348
74592355
74592363
74592365
74592372
74592378
74592381
74592391
74592405
74592406
74592407
74592409
74592415
74592421
74592435
74592447
74592449
74592459
74592461
74592465
74592470
74592471
74592495
74592497
74592498
74592505
74592508
74592509
74592514
74592516
74592523
74592533
74592552
74592553
74592561
74592566
74592567
74592570
74592573
74592586
74592592
74592598
74592624
74592645
74592646
74592647
74592648
74592653
74592667
74592676
74592677
74592680
74592681
74592688
74592701
74592706
74592710
74592714
74592719
74592721
74592726
74592746
74592752
74592755
74592763
74592771
74592772
74592773
74592776
74592778
74592781
74592792
74592796
74592802
74592806
74592811
74592819
74592828
74592835
74592837
74592841
74592843
74592852
74592855
74592862
74592864
74592867
74592880
74592881
74592884
74592886
74592900
74592906
74592909
74592915
74592916
74592924
74592925
74592941
74592951
74592957
74592958
74592960
74592961
74592965
74592971
74592981
74592988
74592989
74592990
74592991
74592992
74593004
74593028
74593038
74593040
74593042
74593045
74593048
74593052
74593063
74593068
74593075
74593078
74593083
74593090
74593099
74593106
74593118
74593127
74593131
74593134
74593138
74593139
74593141
74593142
74593153
74593156
74593160
74593166
74593173
74593181
74593194
74593196
74593198
74593199
74593206
74593208
74593210
74593221
74593233
74593237
74593242
74593249
74593256
74593267
74593284
74593285
74593292
74593303
74593307
74593308
74593312
74593315
74593318
74593329
74593338
74593345
74593348
74593357
74593359
74593366
74593367
74593370
74593378
74593411
74593415
74593431
74593441
74593445
74593449
74593458
74593463
74593474
74593478
74593481
74593483
74593487
74593489
74593501
74593504
74593509
74593517
74593518
74593529
74593543
74593544
74593554
74593580
74593584
74593586
74593588
74593602
74593603
74593607
74593608
74593616
74593618
74593624
74593628
74593633
74593635
74593639
74593643
74593651
74593673
74593677
74593683
74593714
74593719
74593721
74593728
74593729
74593731
74593738
74593744
74593749
74593753
74593754
74593762
74593771
74593772
74593775
74593778
74593788
74593795
74593806
74593807
74593810
74593811
74593814
74593827
74593832
74593839
74593852
74593858
74593861
74593862
74593864
74593867
74593872
74593880
74593883
74593895
74593900
74593916
74593917
74593926
74593942
74593943
74593947
74593960
74593962
74593964
74593968
74593974
74593978
74593980
74593983
74593984
74593989
74593991
74593998
74594002
74594011
74594015
74594020
74594033
74594039
74594043
74594046
74594051
74594059
74594066
74594071
74594075
74594081
74594082
74594084
74594091
74594093
74594112
74594121
74594128
74594130
74594135
74594138
74594147
74594154
74594160
74594167
74594185
74594196
74594197
74594199
74594205
74594214
74594215
74594218
74594219
74594222
74594233
74594248
74594257
74594263
74594268
74594273
74594281
74594304
74594305
74594310
74594311
74594331
74594335
74594344
74594354
74594357
74594363
74594366
74594368
74594391
74594395
74594396
74594398
74594405
74594412
74594419
74594420
74594430
74594440
74594448
74594450
74594461
74594466
74594467
74594468
74594474
74594475
74594478
74594482
74594485
74594501
74594504
74594517
74594530
74594556
74594567
74594574
74594578
74594582
74594586
74594600
74594609
74594611
74594622
74594634
74594642
74594646
74594651
74594665
74594670
74594677
74594685
74594706
74594718
74594727
74594732
74594735
74594736
74594749
74594752
74594753
74594763
74594772
74594773
74594775
74594787
74594789
74594802
74594813
74594815
74594816
74594823
74594828
74594831
74594840
74594857
74594859
74594861
74594864
74594869
74594879
74594880
74594881
74594888
74594890
74594903
74594908
74594913
74594918
74594930
74594937
74594943
74594945
74594960
74594961
74594968
74594970
74594975
74594978
74594979
74594986
74594989
74594992
74594998
74594999
74595011
74595015
74595022
74595024
74595025
74595027
74595041
74595043
74595049
74595051
74595053
74595080
74595095
74595100
74595103
74595108
74595111
74595124
74595160
74595175
74595177
74595185
74595186
74595204
74595209
74595213
74595214
74595235
74595236
74595237
74595245
74595259
74595264
74595283
74595295
74595330
74595331
74595337
74595338
74595341
74595355
74595370
74595372
74595390
74595391
74595402
74595409
74595410
74595414
74595419
74595422
74595438
74595454
74595458
74595459
74595468
74595474
74595483
74595488
74595497
74595502
74595510
74595515
74595539
74595549
74595550
74595554
74595561
74595566
74595568
74595570
74595572
74595576
74595585
74595594
74595599
74595609
74595616
74595619
74595629
74595630
74595643
74595648
74595659
74595661
74595662
74595673
74595694
74595700
74595708
74595721
74595727
74595733
74595740
74595751
74595771
74595775
74595782
74595788
74595790
74595799
74595801
74595805
74595809
74595816
74595826
74595829
74595831
74595866
74595878
74595889
74595894
74595921
74595955
74595959
74595963
74595972
74595995
74595996
74596012
74596024
74596033
74596034
74596043
74596050
74596054
74596077
74596104
74596105
74596109
74596113
74596142
74596149
74596157
74596158
74596159
74596162
74596165
74596167
74596174
74596181
74596185
74596187
74596198
74596201
74596207
74596213
74596214
74596219
74596223
74596227
74596230
74596242
74596261
74596266
74596267
74596278
74596289
74596290
74596291
74596293
74596296
74596317
74596318
74596320
74596325
74596334
74596335
74596339
74596340
74596350
74596356
74596370
74596403
74596407
74596425
74596426
74596430
74596431
74596433
74596434
74596438
74596441
74596449
74596453
74596461
74596462
74596464
74596471
74596482
74596486
74596494
74596507
74596511
74596515
74596524
74596530
74596545
74596550
74596554
74596556
74596569
74596571
74596573
74596580
74596583
74596595
74596597
74596603
74596605
74596606
74596607
74596613
74596617
74596622
74596629
74596632
74596636
74596638
74596642
74596644
74596653
74596655
74596670
74596672
74596677
74596682
74596700
74596724
74596733
74596735
74596737
74596758
74596761
74596770
74596783
74596785
74596793
74596802
74596804
74596807
74596813
74596815
74596819
74596823
74596824
74596836
74596844
74596853
74596860
74596869
74596871
74596877
74596878
74596890
74596892
74596897
74596900
74596916
74596924
74596927
74596930
74596936
74596943
74596951
74596955
74596960
74596969
74596973
74596975
74596978
74596979
74596989
74596990
74596992
74596997
74597023
74597025
74597030
74597031
74597038
74597054
74597058
74597059
74597077
74597080
74597093
74597101
74597103
74597107
74597111
74597115
74597117
74597118
74597120
74597138
74597144
74597147
74597150
74597162
74597169
74597172
74597174
74597184
74597210
74597217
74597218
74597222
74597228
74597260
74597262
74597277
74597289
74597295
74597297
74597299
74597307
74597311
74597312
74597315
74597328
74597331
74597336
74597337
74597340
74597354
74597358
74597362
74597366
74597383
74597384
74597395
74597398
74597421
74597428
74597434
74597435
74597438
74597439
74597442
74597448
74597471
74597473
74597478
74597510
74597512
74597521
74597532
74597546
74597548
74597553
74597556
74597559
74597582
74597585
74597596
74597599
74597600
74597609
74597611
74597613
74597633
74597661
74597674
74597693
74597695
74597711
74597713
74597715
74597720
74597722
74597759
74597762
74597766
74597778
74597794
74597796
74597808
74597812
74597825
74597828
74597830
74597842
74597850
74597855
74597856
74597872
74597876
74597883
74597887
74597888
74597892
74597898
74597900
74597908
74597921
74597927
74597937
74597940
74597947
74597989
74597993
74598011
74598016
74598038
74598041
74598042
74598064
74598066
74598083
74598088
74598089
74598095
74598098
74598117
74598123
74598139
74598140
74598149
74598158
74598160
74598167
74598175
74598185
74598186
74598193
74598196
74598203
74598207
74598215
74598219
74598231
74598232
74598250
74598251
74598254
74598259
74598267
74598268
74598280
74598282
74598305
74598312
74598334
74598339
74598340
74598342
74598343
74598345
74598348
74598357
74598366
74598367
74598368
74598374
74598378
74598386
74598394
74598398
74598407
74598408
74598409
74598415
74598417
74598418
74598419
74598423
74598429
74598436
74598444
74598448
74598455
74598459
74598461
74598464
74598472
74598478
74598482
74598484
74598493
74598497
74598498
74598508
74598512
74598515
74598519
74598520
74598522
74598528
74598538
74598550
74598557
74598564
74598565
74598566
74598576
74598586
74598589
74598590
74598595
74598612
74598619
74598642
74598650
74598655
74598656
74598659
74598660
74598661
74598664
74598673
74598675
74598686
74598694
74598698
74598707
74598716
74598720
74598732
74598737
74598747
74598750
74598755
74598756
74598763
74598785
74598789
74598796
74598804
74598818
74598832
74598835
74598837
74598845
74598850
74598853
74598858
74598863
74598881
74598883
74598909
74598920
74598923
74598925
74598927
74598931
74598932
74598933
74598949
74598956
74598958
74598977
74598980
74598981
74598988
74599005
74599012
74599029
74599041
74599048
74599070
74599073
74599081
74599084
74599102
74599104
74599135
74599138
74599146
74599147
74599166
74599168
74599171
74599180
74599203
74599211
74599231
74599260
74599263
74599280
74599282
74599294
74599296
74599299
74599301
74599344
74599345
74599365
74599367
74599369
74599382
74599395
74599397
74599400
74599408
74599427
74599436
74599445
74599460
74599461
74599462
74599477
74599485
74599487
74599488
74599489
74599490
74599493
74599499
74599517
74599520
74599525
74599531
74599536
74599538
74599555
74599559
74599574
74599587
74599590
74599591
74599613
74599617
74599620
74599626
74599629
74599637
74599653
74599665
74599668
74599679
74599684
74599689
74599692
74599694
74599697
74599709
74599710
74599713
74599726
74599728
74599732
74599756
74599774
74599776
74599780
74599786
74599808
74599809
74599819
74599821
74599839
74599842
74599854
74599859
74599872
74599882
74599895
74599906
74599912
74599915
74599935
74599938
74599943
74599951
74599955
74599968
74599969
74599970
74599976
74599979
74599984
74599999
74600001
74600022
74600034
74600035
74600056
74600064
74600071
74600078
74600079
74600086
74600095
74600100
74600102
74600110
74600132
74600155
74600161
74600163
74600168
74600169
74600177
74600196
74600198
74600201
74600203
74600206
74600208
74600210
74600218
74600242
74600243
74600244
74600259
74600260
74600263
74600269
74600291
74600300
74600302
74600322
74600327
74600330
74600333
74600336
74600337
74600340
74600355
74600357
74600372
74600386
74600390
74600395
74600409
74600417
74600427
74600435
74600438
74600452
74600488
74600490
74600491
74600493
74600498
74600500
74600515
74600518
74600524
74600529
74600532
74600551
74600553
74600554
74600555
74600561
74600564
74600584
74600585
74600589
74600596
74600609
74600614
74600618
74600619
74600630
74600641
74600653
74600654
74600656
74600659
74600675
74600676
74600677
74600711
74600717
74600722
74600726
74600760
74600777
74600783
74600785
74600786
74600791
74600794
74600801
74600809
74600822
74600824
74600835
74600836
74600842
74600848
74600855
74600865
74600866
74600870
74600874
74600886
74600887
74600899
74600900
74600912
74600932
74600938
74600946
74600965
74600966
74600973
74600993
74600994
74600997
74601013
74601025
74601029
74601031
74601041
74601057
74601059
74601068
74601090
74601102
74601114
74601121
74601123
74601125
74601126
74601153
74601154
74601155
74601168
74601178
74601189
74601192
74601197
74601212
74601219
74601225
74601228
74601229
74601245
74601261
74601269
74601290
74601294
74601303
74601307
74601309
74601323
74601348
74601363
74601364
74601368
74601369
74601379
74601381
74601382
74601384
74601388
74601411
74601423
74601428
74601444
74601447
74601454
74601475
74601490
74601510
74601515
74601539
74601540
74601542
74601544
74601546
74601563
74601581
74601584
74601585
74601604
74601617
74601641
74601652
74601657
74601668
74601674
74601692
74601700
74601704
74601711
74601719
74601733
74601756
74601771
74601780
74601783
74601803
74601810
74601844
74601851
74601863
74601865
74601867
74601894
74601924
74601925
74601932
74601950
74601958
74601962
74601968
74601972
74601981
74601992
74602020
74602034
74602040
74602054
74602068
74602072
74602073
74602074
74602098
74602100
74602104
74602108
74602119
74602122
74602133
74602137
74602160
74602162
74602165
74602184
74602190
74602193